1 0
2 1
3 1
4 1
5 1
6 2
7 3
8 3
9 3
10 4
11 4
12 5
13 5
14 6
15 6
16 7
17 7
18 8
19 8
20 9
21 9
22 9
23 10
24 11
25 11
26 11
27 12
28 13
29 14
30 15
31 16
32 17
33 18
34 19
35 19
36 20
37 20
38 21
39 21
40 22
41 22
42 23
43 23
44 24
45 24
46 25
47 25
48 26
49 26
50 27
51 27
52 28
53 28
54 29
55 29
56 30
57 30
58 31
59 31
60 32
61 32
62 33
63 34
64 35
65 36
66 37
67 38
68 39
69 40
70 40
71 40
72 41
73 42
74 43
75 44
76 45
77 46
78 47
79 48
80 48
81 48
82 49
83 50
84 50
85 50
86 51
87 52
88 52
89 52
90 53
91 54
92 54
93 54
94 55
95 56
96 56
97 56
98 57
99 57
100 57
101 58
102 59
103 59
104 59
105 60
106 61
107 61
108 62
109 62
110 63
111 63
112 64
113 64
114 65
115 66
116 66
117 67
118 67
119 68
120 68
121 69
122 69
123 70
124 70
125 71
126 71
127 72
128 72
129 73
130 73
131 74
132 74
133 75
134 75
135 76
136 77
137 77
138 78
139 78
140 79
141 79
142 80
143 80
144 81
145 81
146 82
147 82
148 83
149 83
150 84
151 84
152 85
153 85
154 86
155 87
156 87
157 88
158 88
159 89
160 89
161 90
162 90
163 91
164 91
165 92
166 92
167 93
168 93
169 94
170 94
171 95
172 96
173 96
174 97
175 97
176 98
177 98
178 99
179 99
180 100
181 100
182 101
183 101
184 102
185 102
186 103
187 103
188 104
189 104
190 105
191 106
192 106
193 106
194 107
195 108
196 108
197 108
198 109
199 109
200 109
201 110
202 111
203 111
204 111
205 112
206 113
207 114
208 114
209 114
210 115
211 116
212 116
213 116
214 117
215 118
216 119
217 120
218 121
219 122
220 123
221 124
222 125
223 125
224 125
225 126
226 127
227 127
228 127
229 128
230 128
231 128
232 129
233 130
234 130
235 130
236 131
237 132
238 132
239 132
240 133
241 134
242 135
243 135
244 135
245 136
246 137
247 138
248 139
249 140
250 141
251 142
252 143
253 143
254 143
255 144
256 146
257 147
258 148
259 149
260 150
261 151
262 151
263 151
264 152
265 153
266 154
267 155
268 156
269 157
270 158
271 158
272 158
273 159
274 160
275 161
276 163
277 164
278 165
279 166
280 166
281 166
282 167
283 168
284 169
285 170
286 171
287 172
288 173
289 174
290 176
291 177
292 178
293 179
294 180
295 180
296 180
297 181
298 182
299 183
300 185
301 186
302 187
303 188
304 188
305 188
306 189
307 189
308 190
309 191
310 191
311 192
312 192
313 193
314 193
315 194
316 194
317 195
318 195
319 196
320 196
321 197
322 197
323 198
324 199
325 199
326 200
327 200
328 201
329 202
330 202
331 203
332 203
333 204
334 204
335 205
336 205
337 206
338 206
339 207
340 207
341 208
342 208
343 209
344 209
345 210
346 210
347 211
348 211
349 212
350 212
351 213
352 213
353 214
354 215
355 215
356 216
357 216
358 217
359 217
360 218
361 218
362 219
363 219
364 220
365 220
366 221
367 221
368 222
369 223
370 223
371 224
372 224
373 225
374 225
375 226
376 226
377 227
378 227
379 228
380 229
381 229
382 230
383 230
384 231
385 231
386 232
387 232
388 233
389 234
390 234
391 235
392 235
393 236
394 236
395 237
396 237
397 238
398 238
399 239
400 239
401 240
402 240
403 241
404 241
405 242
406 242
407 243
408 243
409 244
410 244
411 245
412 245
413 246
414 246
415 247
416 248
417 248
418 249
419 249
420 250
421 250
422 251
423 251
424 252
425 252
426 253
427 253
428 254
429 254
430 255
431 255
432 256
433 256
434 257
435 257
436 258
437 258
438 259
439 260
440 260
441 261
442 261
443 262
444 262
445 263
446 263
447 264
448 264
449 265
450 265
451 266
452 266
453 267
454 267
455 268
456 268
457 269
458 269
459 270
460 270
461 271
462 271
463 272
464 272
465 273
466 273
467 274
468 274
469 275
470 275
471 276
472 277
473 277
474 278
475 278
476 279
477 279
478 280
479 280
480 281
481 281
482 282
483 282
484 283
485 283
486 284
487 284
488 285
489 285
490 286
491 286
492 287
493 287
494 288
495 288
496 289
497 289
498 290
499 290
500 291
501 292
502 292
503 293
504 293
505 294
506 294
507 295
508 295
509 296
510 296
511 297
512 297
513 298
514 298
515 299
516 300
517 300
518 301
519 301
520 302
521 302
522 303
523 303
524 304
525 304
526 305
527 305
528 305
529 306
530 307
531 309
532 310
533 311
534 312
535 312
536 312
537 313
538 314
539 315
540 316
541 318
542 319
543 320
544 321
545 322
546 323
547 324
548 325
549 326
550 326
551 326
552 327
553 328
554 330
555 331
556 332
557 333
558 333
559 333
560 334
561 335
562 335
563 335
564 336
565 337
566 338
567 339
568 340
569 342
570 343
571 343
572 343
573 344
574 345
575 346
576 347
577 348
578 349
579 350
580 351
581 351
582 351
583 352
584 353
585 354
586 354
587 354
588 355
589 356
590 356
591 356
592 357
593 358
594 358
595 358
596 359
597 359
598 359
599 360
600 361
601 361
602 361
603 362
604 363
605 363
606 363
607 364
608 366
609 367
610 368
611 369
612 370
613 370
614 370
615 371
616 372
617 374
618 375
619 376
620 377
621 378
622 380
623 381
624 382
625 383
626 384
627 384
628 384
629 385
630 386
631 387
632 388
633 389
634 390
635 391
636 391
637 391
638 392
639 393
640 394
641 395
642 397
643 398
644 399
645 399
646 399
647 400
648 401
649 401
650 401
651 402
652 403
653 404
654 405
655 406
656 407
657 408
658 409
659 409
660 409
661 410
662 411
663 411
664 411
665 412
666 413
667 413
668 413
669 414
670 415
671 416
672 416
673 416
674 417
675 417
676 417
677 418
678 419
679 419
680 419
681 420
682 421
683 422
684 423
685 424
686 425
687 426
688 427
689 428
690 428
691 428
692 429
693 430
694 430
695 430
696 431
697 432
698 432
699 432
700 433
701 434
702 434
703 435
704 435
705 435
706 436
707 437
708 438
709 439
710 440
711 441
712 442
713 443
714 444
715 445
716 445
717 445
718 446
719 447
720 447
721 447
722 448
723 449
724 449
725 450
726 451
727 451
728 451
729 452
730 452
731 452
732 453
733 454
734 454
735 455
736 456
737 457
738 458
739 459
740 460
741 461
742 462
743 463
744 463
745 463
746 464
747 465
748 465
749 465
750 466
751 467
752 467
753 468
754 469
755 469
756 469
757 470
758 471
759 471
760 471
761 472
762 473
763 474
764 475
765 476
766 477
767 478
768 479
769 480
770 480
771 480
772 481
773 482
774 482
775 483
776 484
777 484
778 484
779 485
780 486
781 486
782 486
783 487
784 487
785 488
786 489
787 489
788 489
789 490
790 491
791 492
792 492
793 492
794 493
795 494
796 494
797 495
798 495
799 495
800 496
801 497
802 497
803 497
804 498
805 499
806 500
807 500
808 500
809 501
810 502
811 503
812 504
813 505
814 506
815 507
816 508
817 509
818 509
819 509
820 510
821 511
822 511
823 512
824 512
825 512
826 513
827 514
828 515
829 515
830 515
831 516
832 517
833 517
834 517
835 518
836 519
837 520
838 521
839 522
840 523
841 524
842 525
843 525
844 526
845 526
846 527
847 527
848 528
849 528
850 529
851 529
852 530
853 530
854 531
855 532
856 532
857 533
858 533
859 534
860 534
861 535
862 535
863 536
864 536
865 537
866 538
867 538
868 539
869 539
870 540
871 540
872 541
873 541
874 542
875 542
876 543
877 543
878 544
879 544
880 545
881 545
882 546
883 546
884 547
885 547
886 548
887 548
888 549
889 549
890 550
891 550
892 551
893 551
894 552
895 552
896 553
897 554
898 554
899 555
900 555
901 556
902 556
903 557
904 557
905 558
906 558
907 559
908 559
909 560
910 560
911 561
912 561
913 562
914 562
915 563
916 564
917 564
918 565
919 565
920 566
921 566
922 567
923 567
924 568
925 568
926 569
927 569
928 570
929 570
930 571
931 571
932 572
933 572
934 573
935 573
936 574
937 574
938 575
939 576
940 576
941 577
942 577
943 578
944 578
945 579
946 579
947 580
948 580
949 581
950 581
951 582
952 582
953 583
954 583
955 584
956 584
957 585
958 585
959 586
960 586
961 587
962 587
963 588
964 588
965 589
966 590
967 590
968 591
969 591
970 592
971 592
972 593
973 593
974 594
975 595
976 595
977 596
978 596
979 597
980 597
981 598
982 598
983 599
984 599
985 600
986 601
987 601
988 602
989 602
990 603
991 603
992 604
993 604
994 605
995 605
996 606
997 606
998 607
999 607
1000 608
1001 608
1002 609
1003 609
1004 610
1005 611
1006 611
1007 612
1008 612
1009 613
1010 613
1011 614
1012 614
1013 615
1014 615
1015 616
1016 617
