 148250376
 148256370
 140258376
 148205376
 148256307
 104258376
 148275306
 108245376
 148025376
 148206357
 148256037
 154208376
 014258376
 148275036
 148275360
 018245376
 180245376
 148325076
 048125376
 108246357
 148026357
 148260357
 148056237
 154278306
 154028376
 154280376
 214058376
 148075236
 148270365
 218045376
 185240376
 148325706
 408125376
 018246357
 180246357
 148326057
 048126357
 148267350
 140268357
 048156237
 148506237
 154278036
 154278360
 154328076
 054128376
 154286370
 150284376
 214358076
 214508376
 048175236
 148705236
 140278365
 148207365
 218345076
 218405376
 185246370
 185204376
 148305726
 148325760
 428105376
 480125376
 218046357
 186240357
 148326507
 408126357
 148267305
 104268357
 408156237
 148536207
 108546237
 148560237
 154078236
 154270368
 154328706
 504128376
 154286307
 105284376
 214358706
 214578306
 204518376
 214580376
 408175236
 148735206
 108745236
 148750236
 104278365
 148267305
 108247365
 148027365
 218345706
 218475306
 208415376
 218450376
 185246307
 185274306
 105284376
 185024376
 108345726
 148035726
 148350726
 148320765
 428175306
 428015376
 428150376
 485120376
 218346057
 218406357
 186247350
 186204357
 148306527
 148326570
 428106357
 480126357
 148267035
 164208357
 014268357
 458106237
 480156237
 148536027
 148536270
 018546237
 180546237
 148567230
 140568237
 054178236
 154708236
 150274368
 154207368
 154308726
 154328760
 524108376
 540128376
 154206387
 154286037
 015284376
 214308756
 214358760
 214578036
 214578360
 024518376
 240518376
 214586370
 210584376
 478105236
 480175236
 148735026
 148735260
 018745236
 180745236
 148756230
 140758236
 174208365
 014278365
 148267035
 018247365
 180247365
 148327065
 048127365
 218305746
 218345760
 218475036
 218475360
 028415376
 280415376
 218456370
 210458376
 185206347
 185246037
 185274036
 185274360
 015284376
 185324076
 085124376
 018345726
 180345726
 148735026
 048135726
 148356720
 140358726
 140328765
 148302765
 428175036
 428175360
 428315076
 028415376
 428156370
 420158376
 485126370
 485102376
 218346507
 218456307
 208416357
 218460357
 186247305
 186254307
 106284357
 186024357
 108346527
 148036527
 148360527
 148320576
 428156307
 428016357
 428160357
 486120357
 148067235
 164258307
 164028357
 164280357
 214068357
 458136207
 458016237
 458160237
 486150237
 148036527
 148530276
 518046237
 186540237
 148567203
 104568237
 504178236
 154738206
 104758236
 154780236
 105274368
 154267308
 104257368
 154027368
 104358726
 154038726
 154380726
 154320768
 524178306
 524018376
 524180376
 548120376
 104256387
 154026387
 154260387
 154086237
 215084376
 204318756
 214038756
 214380756
 214350768
 214078536
 214570368
 524018376
 248510376
 214586307
 201584376
 478135206
 478015236
 478150236
 485170236
 148730265
 718045236
 185740236
 148756203
 104758236
 174268305
 174028365
 174280365
 214078365
 148067235
 218047365
 187240365
 148327605
 408127365
 208315746
 218035746
 218350746
 218340765
 218075436
 218470365
 285410376
 218456307
 201458376
 105286347
 185026347
 185260347
 185046237
 185074236
 185270364
 215084376
 185324706
 805124376
 318045726
 185340726
 408135726
 148356702
 104358726
 104328765
 148362705
 108342765
 148032765
 428075136
 428170365
 428315706
 428156307
 402158376
 485126307
 485172306
 405182376
 485012376
 218306547
 218346570
 218456037
 028416357
 280416357
 218467350
 210468357
 186207345
 186247035
 186254037
 186254370
 016284357
 160284357
 186324057
 086124357
 018346527
 180346527
 048136527
 148367520
 140368527
 140328576
 148302576
 428156037
 428316057
 028416357
 428167350
 420168357
 486127350
 486102357
 048167235
 148607235
 164258037
 164258370
 164328057
 064128357
 164287350
 160284357
 214368057
 214608357
 458136027
 458136270
 458216037
 058416237
 458167230
 450168237
 486157230
 486105237
 048136527
 140538276
 148503276
 518246037
 518406237
 186547230
 186504237
 148507263
 148567023
 164508237
 014568237
 574108236
 540178236
 154738026
 154738260
 014758236
 154786230
 150784236
 175204368
 015274368
 154267038
 154267380
 014257368
 140257368
 154327068
 054127368
 014358726
 154738026
 054138726
 154386720
 150384726
 150324768
 154302768
 524178036
 524178360
 524318076
 524186370
 520184376
 548126370
 548102376
 014256387
 140256387
 154326087
 054126387
 154267380
 150264387
 054186237
 154806237
 215384076
 215804376
 024318756
 240318756
 214738056
 014238756
 214386750
 210384756
 210354768
 214305768
 014278536
 214708536
 210574368
 214507368
 524318076
 248516370
 248501376
 214506387
 214586037
 281504376
 021584376
 478135026
 478135260
 478215036
 078415236
 478156230
 470158236
 485176230
 485107236
 140738265
 148703265
 718245036
 718405236
 185746230
 185704236
 148706253
 148756023
 014758236
 174268035
 174268350
 174328065
 074128365
 174285360
 170284365
 214378065
 214708365
 048167235
 148607235
 218347065
 218407365
 187245360
 187204365
 148307625
 148327650
 428107365
 480127365
 028315746
 280315746
 218735046
 018235746
 218356740
 210358746
 210348765
 218304765
 018275436
 218705436
 210478365
 218407365
 285416370
 285401376
 218456037
 251408376
 021458376
 015286347
 150286347
 185326047
 085126347
 185267340
 180265347
 085146237
 185406237
 085174236
 185704236
 180275364
 185207364
 215384076
 215804376
 185304726
 185324760
 825104376
 850124376
 318745026
 318405726
 185346720
 185304726
 438105726
 480135726
 148306752
 148356072
 014358726
 124308765
 014328765
 148362075
 148362750
 018342765
 180342765
 148732065
 048132765
 028475136
 428705136
 420178365
 428107365
 428305716
 428315760
 428156037
 452108376
 042158376
 485106327
 485126037
 485172036
 485172360
 045182376
 450182376
 485312076
 085412376
 208316547
 218036547
 218360547
 218340576
 218056437
 286410357
 218467305
 201468357
 106287345
 186027345
 186270345
 186047235
 186054237
 186250374
 216084357
 186324507
 806124357
 318046527
 186340527
 408136527
 148367502
 104368527
 104328576
 148372506
 108342576
 148032576
 428056137
 428316507
 428167305
 402168357
 486127305
 486152307
 406182357
 486012357
 408167235
 148637205
 108647235
 148670235
 164058237
 164250378
 164328507
 604128357
 164287305
 214368507
 214658307
 204618357
 214680357
 458036127
 458130276
 458216307
 508416237
 458167203
 405168237
 486157203
 486135207
 406185237
 486015237
 408136527
 104538276
 148573206
 108543276
 148053276
 518246307
 518436207
 508416237
 518460237
 186547203
 186534207
 106584237
 186054237
 108547263
 148057263
 148570263
 148067523
 164538207
 164058237
 164580237
 514068237
 574138206
 574018236
 574180236
 548170236
 154730268
 714058236
 154786203
 105784236
 175264308
 175024368
 175240368
 215074368
 154067238
 214057368
 147250368
 154327608
 504127368
 314058726
 504138726
 154386702
 105384726
 105324768
 154362708
 104352768
 154032768
 524078136
 524170368
 524318706
 524186307
 502184376
 548126307
 548172306
 508142376
 548012376
 214056387
 146250387
 154326807
 504126387
 105264387
 504186237
 154836207
 104856237
 154860237
 215384706
 215874306
 205814376
 215840376
 324018756
 248310756
 214738506
 104238756
 214386705
 201384756
 201354768
 214365708
 204315768
 214035768
 104278536
 214738506
 204718536
 214780536
 201574368
 214567308
 204517368
 214057368
 524318706
 248516307
 248571306
 208541376
 248051376
 204516387
 214056387
 214560387
 214086537
 281574306
 281054376
 281540376
 521084376
 478035126
 478130265
 478215306
 708415236
 478156203
 407158236
 485176203
 485137206
 405187236
 485017236
 104738265
 148763205
 108743265
 148073265
 718245306
 718435206
 708415236
 718450236
 185746203
 185734206
 105784236
 108746253
 148076253
 148760253
 148056723
 714058236
 174068235
 174260358
 174328605
 704128365
 174285306
 107284365
 214378605
 214768305
 204718365
 214780365
 408167235
 148637205
 108647235
 148670235
 218347605
 218467305
 208417365
 187245306
 187264305
 107284365
 187024365
 108347625
 148037625
 148370625
 148320657
 428167305
 428017365
 487120365
 328015746
 285310746
 218735406
 108235746
 218356704
 201358746
 201348765
 218364705
 208314765
 218034765
 108275436
 218735406
 208715436
 218750436
 201478365
 218467305
 208417365
 285416307
 285471306
 205481376
 285041376
 218056437
 251478306
 251048376
 251480376
 421058376
 215086347
 156280347
 185326407
 805126347
 185267304
 108265347
 805146237
 185436207
 105486237
 185460237
 805174236
 185734206
 105784236
 108275364
 185267304
 105287364
 185027364
 215384706
 215874306
 205814376
 215840376
 105384726
 185034726
 185320764
 825174306
 825014376
 825140376
 854120376
 318745206
 318425706
 308415726
 318450726
 185346702
 105384726
 185034726
 438125706
 438015726
 438150726
 485130726
 108346752
 148036752
 148360752
 148056372
 314058726
 124368705
 124038765
 124380765
 314028765
 148062375
 148360752
 318042765
 182340765
 148732605
 408132765
 208475136
 428735106
 408725136
 428750136
 402178365
 428167305
 428017365
 408325716
 428035716
 428350716
 428310765
 428056137
 452178306
 452018376
 452180376
 142058376
 405186327
 485016327
 485160327
 485026137
 485072136
 485170362
 145082376
 452180376
 485312706
 805412376
 028316547
 280316547
 218536047
 018236547
 218367540
 210368547
 210348576
 218304576
 018256437
 218506437
 286417350
 286401357
 218467035
 261408357
 021468357
 016287345
 160287345
 186327045
 086127345
 186275340
 180276345
 086147235
 186407235
 086154237
 180256374
 186205374
 216384057
 216804357
 186304527
 186324570
 826104357
 860124357
 318546027
 318406527
 186347520
 186304527
 438106527
 480136527
 148307562
 148367052
 164308527
 014368527
 124308576
 014328576
 148372056
 148372560
 018342576
 180342576
 148532076
 048132576
 028456137
 428506137
 428306517
 428316570
 428167035
 462108357
 042168357
 486107325
 486127035
 486152037
 486152370
 046182357
 460182357
 486312057
 086412357
 468107235
 480167235
 148637025
 148637250
 018647235
 180647235
 148675230
 140678235
 064158237
 160254378
 164205378
 164308527
 164328570
 624108357
 640128357
 164207385
 164287035
 214308567
 214368570
 214658037
 214658370
 024618357
 240618357
 214687350
 210684357
 058436127
 458306127
 450138276
 458103276
 458206317
 458216370
 580416237
 458107263
 458167023
 465108237
 045168237
 486107253
 486157023
 486135027
 486135270
 046185237
 460185237
 486215037
 086415237
 438106527
 480136527
 134508276
 014538276
 148573026
 148573260
 018543276
 180543276
 148253076
 048153276
 518206347
 518246370
 518436027
 518436270
 580416237
 518467230
 510468237
 186507243
 186547023
 186534027
 186534270
 016584237
 160584237
 086154237
 018547263
 180547263
 148257063
 048157263
 148573260
 140578263
 048167523
 148607523
 164538027
 164538270
 064158237
 164587230
 160584237
 514268037
 514608237
 574138026
 574138260
 574218036
 074518236
 574186230
 570184236
 548176230
 548107236
 150734268
 154703268
 714258036
 714508236
 154706283
 154786023
 015784236
 175264038
 175264380
 175324068
 075124368
 175248360
 170245368
 215374068
 215704368
 054167238
 154607238
 214357068
 147258360
